0 1 2 3 4 5 6 7 8 9 10 11 12 13 14 15 16 17 18 19 20 21 22 23 24 25 26 27 28 29 30 31 32 33 34 35 36 37 38 39 40 41 42 43 44 45 46 47 48 49 
0 0 0 1 0 0 0 0 0 0 1 1 0 0 0 0 0 0 1 0 0 1 0 1 0 0 1 0 0 0 0 0 0 1 0 0 0 1 1 1 1 1 0 1 0 0 0 1 0 0 
0	1
0	3
0	8
1	4
1	9
2	3
2	6
2	9
2	10
3	5
3	11
4	10
4	12
5	8
5	12
7	8
8	16
9	10
9	14
10	16
11	15
11	17
12	13
12	18
13	14
13	15
13	19
14	15
14	20
16	21
16	24
17	23
19	21
19	25
20	21
20	22
20	25
21	24
21	29
22	23
22	26
22	29
23	32
25	30
26	27
26	35
27	29
28	31
29	30
29	33
29	34
29	38
30	32
30	37
30	38
31	33
31	36
32	33
33	37
33	38
33	41
33	42
34	39
34	40
34	42
35	41
36	38
36	43
36	44
37	40
38	42
38	43
38	44
39	41
39	46
40	46
40	49
41	43
41	46
43	45
43	48
44	45
44	46
44	47
44	49
45	46
48	49
