0 1 2 3 4 5 6 7 8 9 10 11 12 13 14 15 16 17 18 19 20 21 22 23 24 25 26 27 28 29 
1 0 1 1 0 1 1 0 0 1 0 0 1 1 1 0 0 0 0 0 1 1 1 0 1 0 0 0 1 1 
0	1
0	2
2	6
2	7
3	6
3	8
3	11
4	5
4	6
4	9
5	8
5	11
6	7
6	8
6	9
6	14
7	10
7	11
8	13
9	14
9	15
10	13
10	16
11	12
11	17
11	19
12	16
12	21
13	17
14	15
14	18
14	19
14	20
15	16
15	19
15	20
15	24
16	18
16	21
17	20
17	22
17	23
18	20
18	21
18	24
19	26
19	28
20	23
20	26
21	23
21	28
21	29
22	23
22	27
23	25
23	28
24	25
24	29
25	26
25	28
26	27
27	28
27	29
