8	12	1
17	18	4
16	17	1
11	14	5
14	18	5
20	22	2
6	11	2
17	21	2
6	10	2
3	8	2
11	15	2
13	18	5
7	11	2
18	21	2
3	4	5
7	9	1
11	16	3
11	15	5
8	12	5
9	10	1
5	8	4
13	14	4
6	10	1
9	10	4
17	21	4
5	8	5
5	6	3
17	18	2
12	14	3
6	11	1
13	18	4
18	22	5
13	18	4
9	14	3
20	24	1
18	22	2
13	16	4
11	14	1
11	12	5
16	21	1
5	9	5
10	15	4
14	16	3
8	10	4
5	8	4
17	21	3
9	13	2
15	20	3
4	5	3
20	22	2
19	22	1
4	8	2
14	15	1
15	17	3
8	9	3
7	8	3
16	18	3
7	9	5
16	21	5
12	15	1
14	17	4
11	14	5
8	13	2
