4	11	3
13	20	1
19	12	4
17	24	4
3	14	3
10	11	3
3	21	3
3	15	5
6	11	4
12	10	2
15	15	4
18	12	5
20	25	1
16	23	2
6	25	3
17	25	4
12	24	4
20	12	1
13	21	5
7	20	4
17	17	1
6	21	4
9	22	1
19	20	1
18	11	2
13	14	5
4	23	4
17	19	5
6	11	4
16	23	4
11	11	4
9	24	2
5	8	3
6	13	1
20	16	5
13	8	5
8	14	1
15	16	2
5	25	1
3	10	4
18	19	5
7	18	2
19	11	2
13	14	1
10	19	5
16	11	4
18	10	5
16	8	3
6	23	4
5	17	5
19	16	2
15	24	3
3	8	4
7	18	2
19	19	3
7	10	4
12	18	3
3	13	3
19	18	1
15	11	5
5	22	3
15	25	1
13	15	4
4	18	4
17	21	1
20	23	3
9	9	5
6	24	5
3	19	1
6	14	3
8	24	4
9	19	1
19	19	2
9	23	3
5	20	3
13	16	1
14	25	4
20	23	3
11	19	4
4	15	5
10	17	5
4	23	3
12	15	5
5	17	5
14	22	4
20	15	2
15	21	2
