0 1 2 3 4 5 6 7 8 9 10 11 12 13 14 15 16 17 18 19 20 21 22 23 24 25 26 27 28 29 
0 0 1 1 1 1 1 0 0 1 1 1 1 0 1 0 0 0 0 1 0 0 0 1 0 1 0 0 1 0 
0	1
0	6
0	7
0	8
1	8
1	10
2	8
3	5
3	8
3	11
3	12
4	8
5	10
5	11
6	11
6	15
7	9
7	13
7	14
7	15
8	13
8	14
8	15
8	16
9	17
11	12
11	14
11	16
11	17
12	16
12	18
12	19
12	20
13	15
14	18
14	23
15	17
15	20
15	23
16	17
16	21
17	26
18	19
18	26
18	27
19	20
19	24
19	25
19	27
20	26
21	24
21	25
21	26
22	26
22	28
23	25
23	26
23	27
23	28
23	29
24	27
25	27
