9	13	4
7	10	2
17	22	1
12	14	2
8	9	1
6	8	2
8	11	3
19	24	4
20	22	2
8	9	3
20	23	1
4	6	5
14	15	2
3	6	1
10	14	3
9	11	2
11	16	5
3	7	1
3	4	4
16	17	3
5	7	1
13	14	4
11	16	4
5	10	3
8	11	3
20	24	5
3	5	4
4	6	4
19	24	2
9	11	5
18	23	5
3	4	2
14	18	1
16	19	1
15	20	4
20	24	2
8	10	4
8	10	1
4	6	2
12	17	4
16	21	4
15	19	2
14	18	1
16	17	5
12	15	2
12	16	5
9	11	5
7	8	3
6	11	5
14	16	1
7	11	4
16	21	2
17	20	3
15	16	2
10	11	3
20	21	5
17	19	2
16	19	5
14	18	3
16	20	2
19	20	2
9	12	3
